"http://hooligansmagazine.com/alegre-media-x-little-revolution/all-in-one/", 0, 0, 0, 0, 0, 0, 0, 0, 0, 0, 0, 0, 0, 0, 0, 0, 0, 0, 0, 0, 0, 0, 0, 0, 0, 0, 0, 0, 0, 0, 0, 0, 0, 0, 0, 0, 0, 0, 0, 0, 0, 0, 0, 0, 0, 0, 0, 0, 0, 0, 0, 0, 0, 0, 0, 0, 0, 0	
"https://subversive.style/tag/fas/", 0, 0, 0, 0, 0, 0, 0, 0, 0, 0, 0, 0, 0, 0, 0, 0, 0, 0, 0, 0, 0, 0, 0, 0, 0, 0, 0, 0, 0, 0, 0, 0, 0, 0, 0, 0, 0, 0, 0, 0, 0, 0, 0, 0, 0, 0, 0, 0, 0, 0, 0, 0, 0, 0, 0, 0, 0, 0	
"http://socalmodern.com/admin/freebooks/The-Infra-Red-Absorption-Spectra-of-Acetylene-%28C2H4%29%2C-Ethylene-%28C2H4%29-and-Ethane-%28C2H6%29-1927/", 0, 0, 0, 0, 0, 0, 0, 0, 0, 0, 0, 0, 0, 0, 0, 0, 0, 0, 0, 0, 0, 0, 0, 0, 0, 0, 0, 0, 0, 0, 0, 0, 0, 0, 0, 0, 0, 0, 0, 0, 0, 0, 0, 0, 0, 0, 0, 0, 0, 0, 0, 0, 0, 0, 0, 0, 0, 0	
"https://www.microsoft.com/en-us/microsoft-365/roadmap?featureid=73516&rtc=1", 0, 0, 0, 0, 0, 0, 0, 4, 4, 0, 0, 0, 2, 2, 0, 0, 0, 3, 3, 0, 0, 0, 34, 34, 0, 0, 0, 15, 15, 0, 0, 0, 24, 24, 0, 0, 0, 15, 15, 0, 0, 0, 9, 9, 0, 0, 0, 13, 13, 0, 0, 0, 7, 7, 6, 6, 6, 6	
"http://www.trendynail.net/2016/09/", 0, 0, 0, 0, 0, 0, 0, 0, 0, 0, 0, 0, 0, 0, 0, 0, 0, 0, 0, 0, 0, 0, 0, 0, 0, 0, 0, 0, 0, 0, 0, 0, 0, 0, 0, 0, 0, 0, 0, 0, 0, 0, 0, 0, 0, 0, 0, 0, 0, 0, 0, 0, 0, 0, 0, 0, 0, 0	
"https://www.connectzone.com/blog/tag/ethernet-fiber-cord", 0, 0, 0, 0, 0, 0, 0, 0, 0, 0, 0, 0, 0, 0, 0, 0, 0, 0, 0, 0, 0, 0, 0, 0, 0, 0, 0, 0, 0, 0, 0, 0, 0, 0, 0, 0, 0, 0, 0, 0, 0, 0, 0, 0, 0, 0, 0, 0, 0, 0, 0, 0, 0, 0, 0, 0, 0, 0	
"https://blog.dynamoo.com/search/label/Android", 0, 0, 0, 0, 0, 0, 0, 0, 0, 0, 0, 0, 0, 0, 0, 0, 0, 0, 0, 0, 0, 0, 0, 0, 0, 0, 0, 0, 0, 0, 0, 0, 0, 0, 0, 0, 0, 0, 0, 0, 0, 0, 0, 0, 0, 0, 0, 0, 0, 0, 0, 0, 0, 0, 0, 0, 0, 0	
"http://www.tekcommands.com/products.php", 0, 0, 0, 0, 0, 0, 0, 0, 0, 0, 0, 0, 0, 0, 0, 0, 0, 0, 0, 0, 0, 0, 0, 0, 0, 0, 0, 0, 0, 0, 0, 0, 0, 0, 0, 0, 0, 0, 0, 0, 0, 0, 0, 0, 0, 0, 0, 0, 0, 0, 0, 0, 0, 0, 0, 0, 0, 0	
"http://www.pagospel.com/special_features/gospel-legend-remembered-kitty-parham/?unapproved=20433&moderation-hash=4a5fd669d6a37aa3ce136c0c7256d8c9", 0, 0, 0, 0, 0, 0, 0, 0, 0, 0, 0, 0, 0, 0, 0, 0, 0, 0, 0, 0, 0, 0, 0, 0, 0, 0, 0, 0, 0, 0, 0, 0, 0, 0, 0, 0, 0, 0, 0, 0, 0, 0, 0, 0, 0, 0, 0, 0, 0, 0, 0, 0, 0, 0, 0, 0, 0, 0	
"https://subversive.style/tag/drink/", 0, 0, 0, 0, 0, 0, 0, 0, 0, 0, 0, 0, 0, 0, 0, 0, 0, 0, 0, 0, 0, 0, 0, 0, 0, 0, 0, 0, 0, 0, 0, 0, 0, 0, 0, 0, 0, 0, 0, 0, 0, 0, 0, 0, 0, 0, 0, 0, 0, 0, 0, 0, 0, 0, 0, 0, 0, 0	
"https://upscgk.com/upsc-gk/462f3830-fb9d-4a71-a3bb-99fbc27e8b63/43--%E0%B4%87%E0%B4%A8%E0%B5%8D%E0%B4%A4%E0%B5%8D%E0%B4%AF%E0%B4%A8%E0%B5%8D%E2%80%8D-%E0%B4%AA%E0%B4%BE%E0%B4%B0%E0%B5%8D%E2%80%8D%E0%B4%B2%E0%B4%AE%E0%B5%86%E0%B4%A8%E0%B5%8D%E0%B4%B1%E0%B5%8D-%E0%B4%AE%E0%B4%A8%E0%B5%8D%E0%B4%A6%E0%B4%BF%E0%B4%B0%E0%B4%82-%E0%B4%B0%E0%B5%82%E0%B4%AA%E0%B4%95%E0%B4%B2%E0%B5%8D%E2%80%8D%E0%B4%AA%E0%B4%A8-%E0%B4%9A%E0%B5%86%E0%B4%AF%E0%B5%8D%E0%B4%A4%E0%B4%A4%E0%B4%BE%E0%B4%B0%E0%B5%8D", 0, 0, 0, 0, 0, 0, 0, 0, 0, 0, 0, 0, 0, 0, 0, 0, 0, 0, 0, 0, 0, 0, 0, 0, 0, 0, 0, 0, 0, 0, 0, 0, 0, 0, 0, 0, 0, 0, 0, 0, 0, 0, 0, 0, 0, 0, 0, 0, 0, 0, 0, 0, 0, 0, 0, 0, 0, 0	
"https://www.truelancer.com/freelance-domain-migration-jobs", 0, 0, 0, 0, 0, 0, 0, 0, 0, 0, 0, 0, 0, 0, 0, 0, 0, 0, 0, 0, 0, 0, 0, 0, 0, 0, 0, 0, 0, 0, 0, 0, 0, 0, 0, 0, 0, 0, 0, 0, 0, 0, 0, 0, 0, 0, 0, 0, 0, 0, 0, 0, 0, 0, 0, 0, 0, 0	
"http://socalmodern.com/admin/freebooks/shop-Nordic-Superintendents%3A-Agents-in-a-Broken-Chain-2016/", 0, 0, 0, 0, 0, 0, 0, 0, 0, 0, 0, 0, 0, 0, 0, 0, 0, 0, 0, 0, 0, 0, 0, 0, 0, 0, 0, 0, 0, 0, 0, 0, 0, 0, 0, 0, 0, 0, 0, 0, 0, 0, 0, 0, 0, 0, 0, 0, 0, 0, 0, 0, 0, 0, 0, 0, 0, 0	
